RMSE: 47830.598915459996
MAE: 32047.30067021964
